1
10
1037
104
1042
1049
1080
1087
11
1125
1130
1131
1134
114
12
1223
1224
1236
1252
1259
1261
1266
1268
1272
12861
12868
12869
12872
12873
12876
1290
12900
1292
12930
12942
12944
12965
13
13012
1302
1304
13115
13129
1314
1317
1334
1339
1342
1348
135
1350
1367
1374
1375
14
1422
1428
1454
1457
1458
1461
1462
1463
1464
1465
1466
1467
1468
15
1513
1515
1578
1583
16
1602
1660
1670
1671
1678
1679
1731
1783
18
181
182
183
184
185
187
188
189
1899
19
190
1900
1901
1902
1910
1930
196
1962
1973
1989
1991
19926
1994
19978
2
20
200
2005
2021
2030
2034
20591
20604
20616
2067
2069
2098
21
2105
2128
2161
2168
2179
2185
2190
22
22209
22220
22222
2235
2268
2272
2279
2286
2293
23190
23197
2349
235
23544
237
2375
238
24
25
25026
25029
25857
26
266
267
27
27510
27511
278
28
28648
30
30650
31
312
31260
31346
315
318
32
323
32460
32507
326
328
3287
3289
329
3297
33
330
3300
332
3340
3347
34
3403
3404
3405
3406
359
38
381
385
39
4
40
4066
407
4084
41
416
418
42
424
43
432
44
45
46
48
49
50
51
52
55
56
561
6
6088
633
646
667
7
720
726
742
764
8
830
872
878
880
881
894
897
898
899
9
921
931
942
945
954
957
974
98
982
99
